649
1102
2726
6142
775
5260
5538
4782
6621
4384
5937
5092
347
240
2640
6122
5459
6307
1068
5512
3925
5447
4394
3846
3335
251
3881
1019
2899
6620
2140
5819
175
4128
1871
5137
5516
2208
3845
2813
783
2759
1221
5670
5319
3679
2839
2040
4520
5
3226
2889
5204
5095
2135
48
1602
6322
1670
883
5273
5368
5052
3826
2997
2869
5956
3829
1799
1937
1125
4294
4487
5384
1930
5635
696
359
2144
4381
4897
546
4986
5722
4358
6162
779
557
6188
2632
203
2950
3273
6233
5109
3537
1151
6245
4060
3032
4346
2824
3120
3761
3772
237
6244
4962
5045
1495
2163
980
6520
1873
1581
5824
4794
4728
3344
4327
2962
1747
1340
3355
2344
3285
119
3911
928
6381
654
1316
6701
1037
4838
3747
5134
718
2918
5942
2996
5537
3818
1382
1182
3178
1485
5414
5689
2390
5615
356
4646
90
988
1380
2150
2037
2059
733
1067
4983
4607
4246
2352
3625
3657
593
2365
4587
3408
1406
6375
5441
5148
4944
3762
314
2923
5790
5018
5811
1046
5571
5923
2199
5718
3405
419
4842
2276
155
2568
2893
6267
4202
2448
1908
339
4754
2500
6428
1320
3941
81
6072
1018
3556
497
4142
4994
1939
773
3481
2412
1099
858
1761
2024
158
3110
6362
3439
1053
6284
2362
1573
4111
5604
636
1186
73
4214
1384
2254
4614
1111
2082
629
4886
2476
5277
6280
4890
6391
5850
5357
1488
6680
6595
6730
5256
4029
5994
918
95
4279
2477
3504
1567
1518
6627
2021
3026
3123
1549
2818
1946
994
6173
3029
544
929
2429
4114
21
2972
643
2910
5796
5495
5057
6187
542
2866
4366
4011
6030
5897
4151
3033
2131
233
1521
345
6044
1042
1699
3648
193
5964
1961
2527
1020
4776
2988
1109
1305
2085
1929
245
3166
4182
2313
2583
1154
2687
4140
2498
2854
3142
2506
2778
2347
5410
3133
3628
202
5288
1197
2340
682
1648
5674
1843
3592
1572
848
5653
3526
6422
5973
2166
6225
6045
4919
3665
2582
3927
5714
5101
3913
5253
2799
6008
3621
6581
5473
235
2465
2210
4999
6640
2505
4158
399
1654
3181
2600
436
4233
5209
1832
577
1879
635
4953
3459
1505
1596
2181
5488
3598
2460
5814
5983
3981
1173
3688
5920
3437
3215
1405
5908
5817
1632
2235
3952
3330
1599