1024
3137
4769
6115
4384
3406
2808
3204
452
943
36
5651
5984
1778
44
1623
6720
674
4173
1379
6202
1511
619
5531
217
1610
2040
549
697
2966
4363
5198
6503
5242
2709
3556
1548
6625
1463
2476
2059
3951
6082
974
5423
673
3363
6396
377
2883
1004
3461
1132
6521
2201
5782
1442
4452
6221
6383
2918
5787
667
5662
5481
3251
1443
1560
3518
4189
5669
1230
3671
6194
5197
493
536
578
709
871
4146
5311
977
2423
5293
3544
1788
2892
4848
5211
6626
1138
1496
2314
3383
4963
5156
5187
5204
6200
1
179
454
620
1124
1307
1429
1585
1628
2037
2425
2849
2942
3024
3107
3278
3392
3453
3550
3607
3928
4625
4780
4899
4978
4980
5065
5103
5336
5459
5604
5796
5938
6257
6269
6273
6437
6523
6618
6644
6653
6684
21
49
65
73
254
364
732
762
966
992
1075
1096
1162
1195
1255
1607
1749
1777
1799
1827
1887
1911
2004
2035
2041
2084
2189
2313
2365
2371
2585
2673
2848
2947
3086
3686
3773
3852
3929
3935
3997
4073
4225
4269
4279
4391
4480
4706
4821
4873
5068
5106
5157
5190
5254
5261
5263
5362
5394
5428
5439
5517
5557
5561
5757
5910
6124
6169
6230
6278
6446
6464
6545
6557
6613
6701
7
80
86
134
150
157
158
171
183
250
274
279
289
306
317
342
427
442
475
484
518
540
546
613
614
616
631
682
685
693
759
786
843
859
1014
1026
1076
1081
1085
1091
1120
1185
1191
1201
1218
1273
1313
1333
1334
1362
1372
1373
1381
1473
1493
1508
1518
1520
1636
1651
1673
1678
1698
1707
1719
1805
1841
1876
1907
1919
1994
2045
2097
2101
2240
2273
2274
2275
2292
2325
2360
2509